"","cmt","time","amt","week","dv","mdv","evid","lamt","event_grade","tau","addl","id","cohort"
"1",1,1,2.5,0,0,1,1,0.916290731874155,0,24,730,1,1
"2",10,336,0,2,1,0,0,-15,0,0,0,1,1
"21",11,336,0,2,0,0,0,-15,0,0,0,1,1
"3",1,1,2.5,0,0,1,1,0.916290731874155,0,24,730,2,1
"31",10,336,0,2,1,0,0,-15,0,0,0,2,1
"4",11,336,0,2,0,0,0,-15,0,0,0,2,1
"5",1,1,2.5,0,0,1,1,0.916290731874155,0,24,730,3,1
"6",11,504,0,0,0,0,0,-15,0,0,0,3,1
"7",1,1,2.5,0,0,1,1,0.916290731874155,0,24,730,4,1
"8",11,504,0,0,0,0,0,-15,0,0,0,4,1
"13",1,1,5,0,0,1,1,1.6094379124341,0,24,730,5,2
"22",10,336,0,2,1,0,0,-15,0,0,0,5,2
"211",11,336,0,2,0,0,0,-15,0,0,0,5,2
"32",1,1,5,0,0,1,1,1.6094379124341,0,24,730,6,2
"311",10,336,0,2,1,0,0,-15,0,0,0,6,2
"41",11,336,0,2,0,0,0,-15,0,0,0,6,2
"52",1,1,5,0,0,1,1,1.6094379124341,0,24,730,7,2
"51",10,336,0,2,1,0,0,-15,0,0,0,7,2
"61",11,336,0,2,0,0,0,-15,0,0,0,7,2
"71",1,1,5,0,0,1,1,1.6094379124341,0,24,730,8,2
"81",11,504,0,0,0,0,0,-15,0,0,0,8,2
"9",1,1,5,0,0,1,1,1.6094379124341,0,24,730,9,2
"10",11,504,0,0,0,0,0,-15,0,0,0,9,2
"11",1,1,5,0,0,1,1,1.6094379124341,0,24,730,10,2
"12",11,504,0,0,0,0,0,-15,0,0,0,10,2
"111",1,1,20,0,0,1,1,2.99573227355399,0,168,104,11,3
"29",11,504,0,0,0,0,0,-15,0,0,0,11,3
"33",1,1,20,0,0,1,1,2.99573227355399,0,168,104,12,3
"42",11,504,0,0,0,0,0,-15,0,0,0,12,3
"53",1,1,20,0,0,1,1,2.99573227355399,0,168,104,13,3
"62",11,504,0,0,0,0,0,-15,0,0,0,13,3
"73",1,1,20,0,0,1,1,2.99573227355399,0,168,104,14,3
"82",11,504,0,0,0,0,0,-15,0,0,0,14,3
"92",1,1,20,0,0,1,1,2.99573227355399,0,168,104,15,3
"102",11,504,0,0,0,0,0,-15,0,0,0,15,3
"110",1,1,30,0,0,1,1,3.40119738166216,0,168,104,16,4
"28",10,336,0,2,1,0,0,-15,0,0,0,16,4
"27",11,336,0,2,0,0,0,-15,0,0,0,16,4
"321",1,1,30,0,0,1,1,3.40119738166216,0,168,104,17,4
"312",10,336,0,2,1,0,0,-15,0,0,0,17,4
"411",11,336,0,2,0,0,0,-15,0,0,0,17,4
"521",1,1,30,0,0,1,1,3.40119738166216,0,168,104,18,4
"511",10,336,0,2,1,0,0,-15,0,0,0,18,4
"611",11,336,0,2,0,0,0,-15,0,0,0,18,4
"72",1,1,30,0,0,1,1,3.40119738166216,0,168,104,19,4
"711",10,336,0,2,1,0,0,-15,0,0,0,19,4
"811",11,336,0,2,0,0,0,-15,0,0,0,19,4
"91",1,1,30,0,0,1,1,3.40119738166216,0,168,104,20,4
"101",11,504,0,0,0,0,0,-15,0,0,0,20,4
"112",1,1,30,0,0,1,1,3.40119738166216,0,168,104,21,4
"121",11,504,0,0,0,0,0,-15,0,0,0,21,4
"131",1,1,30,0,0,1,1,3.40119738166216,0,168,104,22,4
"14",11,504,0,0,0,0,0,-15,0,0,0,22,4
"15",1,1,30,0,0,1,1,3.40119738166216,0,168,104,23,4
"16",11,504,0,0,0,0,0,-15,0,0,0,23,4
"17",1,1,30,0,0,1,1,3.40119738166216,0,168,104,24,4
"18",11,504,0,0,0,0,0,-15,0,0,0,24,4
"19",1,1,30,0,0,1,1,3.40119738166216,0,168,104,25,4
"20",11,504,0,0,0,0,0,-15,0,0,0,25,4
"212",1,1,30,0,0,1,1,3.40119738166216,0,168,104,26,4
"221",11,504,0,0,0,0,0,-15,0,0,0,26,4
"23",1,1,30,0,0,1,1,3.40119738166216,0,168,104,27,4
"24",11,504,0,0,0,0,0,-15,0,0,0,27,4
"25",1,1,30,0,0,1,1,3.40119738166216,0,168,104,28,4
"26",11,504,0,0,0,0,0,-15,0,0,0,28,4
