"","cmt","time","amt","week","dv","mdv","evid","lamt","event_grade","tau","addl","id","cohort"
"1",1,1,2.5,0,0,1,1,0.916290731874155,0,24,730,1,1
"2",10,336,0,2,1,0,0,-15,0,0,0,1,1
"21",11,336,0,2,0,0,0,-15,0,0,0,1,1
"3",1,1,2.5,0,0,1,1,0.916290731874155,0,24,730,2,1
"31",10,336,0,2,1,0,0,-15,0,0,0,2,1
"4",11,336,0,2,0,0,0,-15,0,0,0,2,1
"5",1,1,2.5,0,0,1,1,0.916290731874155,0,24,730,3,1
"6",11,504,0,0,0,0,0,-15,0,0,0,3,1
"7",1,1,2.5,0,0,1,1,0.916290731874155,0,24,730,4,1
"8",11,504,0,0,0,0,0,-15,0,0,0,4,1
"13",1,1,5,0,0,1,1,1.6094379124341,0,24,730,5,2
"22",10,336,0,2,1,0,0,-15,0,0,0,5,2
"211",11,336,0,2,0,0,0,-15,0,0,0,5,2
"32",1,1,5,0,0,1,1,1.6094379124341,0,24,730,6,2
"311",10,336,0,2,1,0,0,-15,0,0,0,6,2
"41",11,336,0,2,0,0,0,-15,0,0,0,6,2
"52",1,1,5,0,0,1,1,1.6094379124341,0,24,730,7,2
"51",10,336,0,2,1,0,0,-15,0,0,0,7,2
"61",11,336,0,2,0,0,0,-15,0,0,0,7,2
"71",1,1,5,0,0,1,1,1.6094379124341,0,24,730,8,2
"81",11,504,0,0,0,0,0,-15,0,0,0,8,2
"9",1,1,5,0,0,1,1,1.6094379124341,0,24,730,9,2
"10",11,504,0,0,0,0,0,-15,0,0,0,9,2
"11",1,1,5,0,0,1,1,1.6094379124341,0,24,730,10,2
"12",11,504,0,0,0,0,0,-15,0,0,0,10,2
